1.000000000000000062e-09 7.247704682120940781e-26
3.039195382313194976e-09 3.781128737335287613e-25
9.236708571873845829e-09 1.984569354071630760e-24
2.807216203941175502e-08 1.045008987745036510e-23
8.531678524172813841e-08 5.523351120152017240e-23
2.592943797404667171e-07 2.922467507081433848e-22
7.880462815669903832e-07 1.546701811697413842e-21
2.395026619987485877e-06 8.189801205454764017e-21
7.278953843983160947e-06 4.341117396882075786e-20
2.212216291070450108e-05 2.298962641697129687e-19
6.723357536499334551e-05 1.216239236940618632e-18
2.043359717856943827e-04 6.425613303830081680e-18
6.210169418915616581e-04 3.379377973767687859e-17
1.887391822135099564e-03 1.750428756516363622e-16
5.736152510448681158e-03 8.709839251257265685e-16
1.743328822199990968e-02 3.922188250693689036e-15
5.298316906283712796e-02 1.414569975208577144e-14
1.610262027560942499e-01 3.510988726208986880e-14
4.893900918477498974e-01 5.732793723702670688e-14
1.487352107293511860e+00 6.844879966682528089e-14
4.520353656360240890e+00 6.724955391599207744e-14
1.373823795883266641e+01 5.776395147312460384e-14
4.175318936560408645e+01 4.456393897357081745e-14
1.268961003167923423e+02 3.229957824126865762e-14
3.856620421163472088e+02 2.355727608733332748e-14
1.172102297533479259e+03 1.828661360974784465e-14
3.562247890262451619e+03 1.542713513285868060e-14
1.082636733874056335e+04 1.398485769742674227e-14
3.290344562312671042e+04 1.324872954735535201e-14
1.000000000000000000e+05 1.286726845259787281e-14
