1.000000000000000062e-09 8.820323199052483825e-09
3.039195382313194976e-09 7.073998435519663742e-09
9.236708571873845829e-09 5.372320624207152456e-09
2.807216203941175502e-08 4.195410055188307282e-09
8.531678524172813841e-08 3.507551100461434319e-09
2.592943797404667171e-07 3.090190127696847950e-09
7.880462815669903832e-07 2.798644270550348451e-09
2.395026619987485877e-06 2.578773034571444088e-09
7.278953843983160947e-06 2.419167351822920383e-09
2.212216291070450108e-05 2.305422207471317768e-09
6.723357536499334551e-05 2.212076948982160807e-09
2.043359717856943827e-04 2.087123991307750541e-09
6.210169418915616581e-04 1.903208195286871210e-09
1.887391822135099564e-03 1.693159520889598116e-09
5.736152510448681158e-03 1.500370784209161094e-09
1.743328822199990968e-02 1.359326337135552463e-09
5.298316906283712796e-02 1.259602735946857886e-09
1.610262027560942499e-01 1.188457664378587067e-09
4.893900918477498974e-01 1.127618835153942821e-09
1.487352107293511860e+00 1.069994666043167130e-09
4.520353656360240890e+00 1.021781476243582729e-09
1.373823795883266641e+01 9.856019737443061197e-10
4.175318936560408645e+01 9.612014423939458445e-10
1.268961003167923423e+02 9.463358302754704750e-10
3.856620421163472088e+02 9.375666504585501233e-10
1.172102297533479259e+03 9.318182329887238751e-10
3.562247890262451619e+03 9.274340140385775584e-10
1.082636733874056335e+04 9.250183826532972036e-10
3.290344562312671042e+04 9.237866975989193175e-10
1.000000000000000000e+05 9.228135174187329639e-10
