1.000000000000000062e-09 3.047629260416456345e-10
3.039195382313194976e-09 6.111337003984467786e-10
9.236708571873845829e-09 8.382094999686080712e-10
2.807216203941175502e-08 8.987390095015569639e-10
8.531678524172813841e-08 8.281724745952651876e-10
2.592943797404667171e-07 6.864491362313195694e-10
7.880462815669903832e-07 5.340837260081558695e-10
2.395026619987485877e-06 4.131951112220373071e-10
7.278953843983160947e-06 3.316593345857708056e-10
2.212216291070450108e-05 2.814757031349779377e-10
6.723357536499334551e-05 2.521102932224233384e-10
2.043359717856943827e-04 2.350275819020430246e-10
6.210169418915616581e-04 2.238512540098498548e-10
1.887391822135099564e-03 2.127448078588556552e-10
5.736152510448681158e-03 1.971493973547457049e-10
1.743328822199990968e-02 1.775891566338126250e-10
5.298316906283712796e-02 1.583716517925826410e-10
1.610262027560942499e-01 1.422811396151545925e-10
4.893900918477498974e-01 1.306620582481511884e-10
1.487352107293511860e+00 1.231229428063890813e-10
4.520353656360240890e+00 1.180956579733244581e-10
1.373823795883266641e+01 1.141028492421507610e-10
4.175318936560408645e+01 1.099639529883626818e-10
1.268961003167923423e+02 1.054238347817514908e-10
3.856620421163472088e+02 1.014080277907836901e-10
1.172102297533479259e+03 9.829277688874114226e-11
3.562247890262451619e+03 9.612622242615555326e-11
1.082636733874056335e+04 9.466392855250019912e-11
3.290344562312671042e+04 9.383263876499445201e-11
1.000000000000000000e+05 9.323759353213254453e-11
