1.000000000000000062e-09 7.246849576188770489e-18
3.039195382313194976e-09 3.779774244631728085e-17
9.236708571873845829e-09 1.982399176793984653e-16
2.807216203941175502e-08 1.041543354361064818e-15
8.531678524172813841e-08 5.468067519785852839e-15
2.592943797404667171e-07 2.835028612199257995e-14
7.880462815669903832e-07 1.412816347904361541e-13
2.395026619987485877e-06 6.315948167583608204e-13
7.278953843983160947e-06 2.197366616044591729e-12
2.212216291070450108e-05 5.069972660894886694e-12
6.723357536499334551e-05 7.702700907955223748e-12
2.043359717856943827e-04 8.721952062091634894e-12
6.210169418915616581e-04 8.198183534161759291e-12
1.887391822135099564e-03 6.770880099941446660e-12
5.736152510448681158e-03 5.114488917396520807e-12
1.743328822199990968e-02 3.777292605782142569e-12
5.298316906283712796e-02 2.927629227534593351e-12
1.610262027560942499e-01 2.438753598652964183e-12
4.893900918477498974e-01 2.118704014869371364e-12
1.487352107293511860e+00 1.862325287947582974e-12
4.520353656360240890e+00 1.659869343686388982e-12
1.373823795883266641e+01 1.510039643873036949e-12
4.175318936560408645e+01 1.405387590192072787e-12
1.268961003167923423e+02 1.333870627620271303e-12
3.856620421163472088e+02 1.276043596827282462e-12
1.172102297533479259e+03 1.225509795989156691e-12
3.562247890262451619e+03 1.184253167350288567e-12
1.082636733874056335e+04 1.155124615662479570e-12
3.290344562312671042e+04 1.134459417435504047e-12
1.000000000000000000e+05 1.116133252369986424e-12
