1.000000000000000062e-09 7.163083159278576776e-14
3.039195382313194976e-09 3.649515801177324472e-13
9.236708571873845829e-09 1.785952031123821069e-12
2.807216203941175502e-08 7.743493485754142976e-12
8.531678524172813841e-08 2.554906373294353812e-11
2.592943797404667171e-07 5.525323082027121170e-11
7.880462815669903832e-07 7.997939638210739048e-11
2.395026619987485877e-06 8.860969374120246646e-11
7.278953843983160947e-06 8.323090907024237568e-11
2.212216291070450108e-05 6.928415923733286051e-11
6.723357536499334551e-05 5.286143834468529715e-11
2.043359717856943827e-04 3.946634900257304827e-11
6.210169418915616581e-04 3.084501231198356119e-11
1.887391822135099564e-03 2.603404698551622541e-11
5.736152510448681158e-03 2.346095145646296947e-11
1.743328822199990968e-02 2.176010282235995751e-11
5.298316906283712796e-02 2.002410326791994479e-11
1.610262027560942499e-01 1.811056571612915557e-11
4.893900918477498974e-01 1.630503980015846249e-11
1.487352107293511860e+00 1.483816661861682295e-11
4.520353656360240890e+00 1.367072640388335347e-11
1.373823795883266641e+01 1.281297253876639042e-11
4.175318936560408645e+01 1.218074509725796632e-11
1.268961003167923423e+02 1.177069718371823597e-11
3.856620421163472088e+02 1.147065080474073633e-11
1.172102297533479259e+03 1.121159347649502140e-11
3.562247890262451619e+03 1.082386717208583946e-11
1.082636733874056335e+04 1.051148288215947277e-11
3.290344562312671042e+04 1.016096669590887231e-11
1.000000000000000000e+05 9.855042242547704958e-12
