9.999999999999998555e-10 0.000000000000000000e+00
1.384886371393874526e-09 0.000000000000000000e+00
1.917910261672484719e-09 0.000000000000000000e+00
2.656087782946684223e-09 0.000000000000000000e+00
3.678379771828634406e-09 0.000000000000000000e+00
5.094138014816385650e-09 0.000000000000000000e+00
7.054802310718631180e-09 0.000000000000000000e+00
9.770099572992246402e-09 0.000000000000000000e+00
1.353047774579807500e-08 0.000000000000000000e+00
1.873817422860382754e-08 0.000000000000000000e+00
2.595024211399737183e-08 7.692675742218588010e-18
3.593813663804625281e-08 2.879099434114050125e-17
4.977023564332114007e-08 8.351465349292208899e-17
6.892612104349694851e-08 2.254227115556155888e-16
9.545484566618327058e-08 5.929213947433446211e-16
1.321941148466028818e-07 1.913536465079984357e-15
1.830738280295369655e-07 4.942680324902118161e-15
2.535364493970111340e-07 1.277025661971522908e-14
3.511191734215127655e-07 3.285822449729910994e-14
4.862601580065352880e-07 8.433225876637819527e-14
6.734150657750827885e-07 2.184862960009402681e-13
9.326033468832199295e-07 5.576191077214699861e-13
1.291549665014882683e-06 1.412159230613465610e-12
1.788649529057435085e-06 3.551468317326304683e-12
2.477076355991708990e-06 8.797353006952793923e-12
3.430469286314912228e-06 2.124968976594317077e-11
4.750810162102793080e-06 4.098647822427696401e-11
6.579332246575681841e-06 8.855303366205814021e-11
9.111627561154887238e-06 1.542970495615923265e-10
1.261856883066020923e-05 2.532065996659229979e-10
1.747528400007682735e-05 3.780752260242024501e-10
2.420128264794383198e-05 4.959578737503842007e-10
3.351602650938840963e-05 6.608959538684031037e-10
4.641588833612772980e-05 7.807376939600929397e-10
6.428073117284319269e-05 9.070300404827909873e-10
8.902150854450374933e-05 1.040567535896905668e-09
1.232846739442066016e-04 1.153163880884180691e-09
1.707352647470688697e-04 1.253869149689862972e-09
2.364489412645407265e-04 1.336116479033853219e-09
3.274549162877724625e-04 1.403528376987152437e-09
4.534878508128581853e-04 1.454624872052081316e-09
6.280291441834246402e-04 1.493638294132215757e-09
8.697490026177834418e-04 1.523771005138563332e-09
1.204503540258781069e-03 1.541343596575029189e-09
1.668100537200059011e-03 1.552721396726043560e-09
2.310129700083157853e-03 1.558244625477533450e-09
3.199267137797384176e-03 1.559394728027056477e-09
4.430621457583877945e-03 1.557003295905479250e-09
6.135907273413163110e-03 1.551387093627902310e-09
8.497534359086436964e-03 1.543124405955230260e-09
1.176811952434996672e-02 1.532207582683718841e-09
1.629750834620643379e-02 1.518377464971267945e-09
2.257019719633917079e-02 1.502208153152763290e-09
3.125715849688235487e-02 1.483955458772463922e-09
4.328761281083052387e-02 1.463587637389138960e-09
5.994842503189409116e-02 1.441996710898776000e-09
8.302175681319734490e-02 1.419611214540624581e-09
1.149756995397735598e-01 1.396499050996712926e-09
1.592282793341093794e-01 1.372975380409719354e-09
2.205130739903040926e-01 1.349208898859508598e-09
3.053855508833412391e-01 1.325661701130680908e-09
4.229242874389498863e-01 1.302515855682967678e-09
5.857020818056672962e-01 1.280014335159031040e-09
8.111308307896856196e-01 1.258524935900332614e-09
1.123324032978026521e+00 1.238138349514504039e-09
1.555676143930472266e+00 1.218947659644368515e-09
2.154434690031877597e+00 1.200698843801504756e-09
2.983647240283334057e+00 1.184674831418041115e-09
4.132012400115334216e+00 1.169387641403361399e-09
5.722367659350220848e+00 1.155430087230939692e-09
7.924828983539153882e+00 1.142665190112235404e-09
1.097498765493054407e+01 1.131124074617536888e-09
1.519911082952933157e+01 1.120540575598818500e-09
2.104904144512021702e+01 1.110822116209855569e-09
2.915053062825169761e+01 1.102055189823608175e-09
4.037017258596549141e+01 1.094120975468577388e-09
5.590810182512222326e+01 1.086834492890910838e-09
7.742636826811276762e+01 1.079579353065321565e-09
1.072267222010320893e+02 1.074095387573051443e-09
1.484968262254463411e+02 1.068566775370406896e-09
2.056512308348651459e+02 1.063735699811953892e-09
2.848035868435792963e+02 1.059328275270711367e-09
3.944206059437648264e+02 1.055456246235071764e-09
5.462277217684336392e+02 1.051978009564993313e-09
7.564633275546290179e+02 1.049053039515517532e-09
1.047615752789661883e+03 1.046482787374387814e-09
1.450828778495937286e+03 1.044233344884206639e-09
2.009233002565046036e+03 1.042337511319941836e-09
2.782559402207125459e+03 1.040676765106840438e-09
3.853528593710519544e+03 1.039247067755120823e-09
5.336699231206301192e+03 1.038013229317156544e-09
7.390722033525775259e+03 1.036941458756404289e-09
1.023531021899026746e+04 1.035887006956232543e-09
1.417474162926801728e+04 1.035212077205905638e-09
1.963040650040268520e+04 1.033860428347135804e-09
2.718588242732940125e+04 1.033898329942660793e-09
3.764935806792455696e+04 1.033390989102808010e-09
5.214008287999673485e+04 1.032999210424902256e-09
7.220809018385456875e+04 1.032651434740585643e-09
1.000000000000000000e+05 1.032309129680977094e-09
