9.999999999999998555e-10 0.000000000000000000e+00
1.384886371393874526e-09 0.000000000000000000e+00
1.917910261672484719e-09 0.000000000000000000e+00
2.656087782946684223e-09 0.000000000000000000e+00
3.678379771828634406e-09 0.000000000000000000e+00
5.094138014816385650e-09 0.000000000000000000e+00
7.054802310718631180e-09 0.000000000000000000e+00
9.770099572992246402e-09 0.000000000000000000e+00
1.353047774579807500e-08 0.000000000000000000e+00
1.873817422860382754e-08 0.000000000000000000e+00
2.595024211399737183e-08 0.000000000000000000e+00
3.593813663804625281e-08 0.000000000000000000e+00
4.977023564332114007e-08 0.000000000000000000e+00
6.892612104349694851e-08 0.000000000000000000e+00
9.545484566618327058e-08 0.000000000000000000e+00
1.321941148466028818e-07 0.000000000000000000e+00
1.830738280295369655e-07 0.000000000000000000e+00
2.535364493970111340e-07 0.000000000000000000e+00
3.511191734215127655e-07 0.000000000000000000e+00
4.862601580065352880e-07 0.000000000000000000e+00
6.734150657750827885e-07 0.000000000000000000e+00
9.326033468832199295e-07 0.000000000000000000e+00
1.291549665014882683e-06 0.000000000000000000e+00
1.788649529057435085e-06 0.000000000000000000e+00
2.477076355991708990e-06 0.000000000000000000e+00
3.430469286314912228e-06 0.000000000000000000e+00
4.750810162102793080e-06 0.000000000000000000e+00
6.579332246575681841e-06 0.000000000000000000e+00
9.111627561154887238e-06 0.000000000000000000e+00
1.261856883066020923e-05 0.000000000000000000e+00
1.747528400007682735e-05 6.300296392705510858e-31
2.420128264794383198e-05 5.401881018787777951e-30
3.351602650938840963e-05 1.802654402450194127e-29
4.641588833612772980e-05 6.591870902093581947e-29
6.428073117284319269e-05 1.749912951226327925e-28
8.902150854450374933e-05 4.576866642105284532e-28
1.232846739442066016e-04 1.183271965529773796e-27
1.707352647470688697e-04 3.051569365458868406e-27
2.364489412645407265e-04 7.952761040782385471e-27
3.274549162877724625e-04 2.044079829292497311e-26
4.534878508128581853e-04 5.228087911215752386e-26
6.280291441834246402e-04 1.337083055006804412e-25
8.697490026177834418e-04 3.415309030044157099e-25
1.204503540258781069e-03 8.705130819687403222e-25
1.668100537200059011e-03 2.224328189027770147e-24
2.310129700083157853e-03 5.692636298653817177e-24
3.199267137797384176e-03 1.459507581266473064e-23
4.430621457583877945e-03 3.736587794411911365e-23
6.135907273413163110e-03 9.590923920031471927e-23
8.497534359086436964e-03 3.047885309805386936e-22
1.176811952434996672e-02 7.843624898001282554e-22
1.629750834620643379e-02 2.017261963089178742e-21
2.257019719633917079e-02 5.197692675930987683e-21
3.125715849688235487e-02 1.353476869950035563e-20
4.328761281083052387e-02 3.482573327886330077e-20
5.994842503189409116e-02 8.970343381772101102e-20
8.302175681319734490e-02 2.309275400217283901e-19
1.149756995397735598e-01 7.377910792712338495e-19
1.592282793341093794e-01 1.903496153401162039e-18
2.205130739903040926e-01 4.905270038535480449e-18
3.053855508833412391e-01 1.261628453380880375e-17
4.229242874389498863e-01 3.276418757567574024e-17
5.857020818056672962e-01 8.397847763357327016e-17
8.111308307896856196e-01 2.146299463497625387e-16
1.123324032978026521e+00 5.457625314317174181e-16
1.555676143930472266e+00 1.378867555482075568e-15
2.154434690031877597e+00 3.446654829339428807e-15
2.983647240283334057e+00 8.438762590913395430e-15
4.132012400115334216e+00 1.994294135054023753e-14
5.722367659350220848e+00 3.759172460363986038e-14
7.924828983539153882e+00 6.683284433497131460e-14
1.097498765493054407e+01 1.290437246344949720e-13
1.519911082952933157e+01 1.798078806863722188e-13
2.104904144512021702e+01 2.621550988327824360e-13
2.915053062825169761e+01 3.370956583728986234e-13
4.037017258596549141e+01 4.397215880274317711e-13
5.590810182512222326e+01 5.216976044405011318e-13
7.742636826811276762e+01 6.057345607139021776e-13
1.072267222010320893e+02 6.843315757571579093e-13
1.484968262254463411e+02 7.569549390100100732e-13
2.056512308348651459e+02 8.232967179711593296e-13
2.848035868435792963e+02 8.829085249007078100e-13
3.944206059437648264e+02 9.362275336664830816e-13
5.462277217684336392e+02 9.824308891388897494e-13
7.564633275546290179e+02 1.023613148664658788e-12
1.047615752789661883e+03 1.056019655792002031e-12
1.450828778495937286e+03 1.082288431018008078e-12
2.009233002565046036e+03 1.101471416883846774e-12
2.782559402207125459e+03 1.115954271473472524e-12
3.853528593710519544e+03 1.125117064501359934e-12
5.336699231206301192e+03 1.130456594098133445e-12
7.390722033525775259e+03 1.133255761261540721e-12
1.023531021899026746e+04 1.134127216488022053e-12
1.417474162926801728e+04 1.133626462108860968e-12
1.963040650040268520e+04 1.132097620944142853e-12
2.718588242732940125e+04 1.129920906119467238e-12
3.764935806792455696e+04 1.127113607146508377e-12
5.214008287999673485e+04 1.123689856506535394e-12
7.220809018385456875e+04 1.119627662327423800e-12
1.000000000000000000e+05 1.114735193840369690e-12
