9.999999999999998555e-10 0.000000000000000000e+00
1.384886371393874526e-09 0.000000000000000000e+00
1.917910261672484719e-09 0.000000000000000000e+00
2.656087782946684223e-09 0.000000000000000000e+00
3.678379771828634406e-09 0.000000000000000000e+00
5.094138014816385650e-09 0.000000000000000000e+00
7.054802310718631180e-09 0.000000000000000000e+00
9.770099572992246402e-09 0.000000000000000000e+00
1.353047774579807500e-08 0.000000000000000000e+00
1.873817422860382754e-08 0.000000000000000000e+00
2.595024211399737183e-08 0.000000000000000000e+00
3.593813663804625281e-08 0.000000000000000000e+00
4.977023564332114007e-08 0.000000000000000000e+00
6.892612104349694851e-08 0.000000000000000000e+00
9.545484566618327058e-08 0.000000000000000000e+00
1.321941148466028818e-07 0.000000000000000000e+00
1.830738280295369655e-07 0.000000000000000000e+00
2.535364493970111340e-07 7.778358073402257664e-22
3.511191734215127655e-07 2.535613985802979071e-21
4.862601580065352880e-07 7.298685678278375231e-21
6.734150657750827885e-07 1.965775264416923594e-20
9.326033468832199295e-07 5.134174951621792006e-20
1.291549665014882683e-06 1.325740662476847932e-19
1.788649529057435085e-06 3.416438677893677204e-19
2.477076355991708990e-06 1.101120636321818960e-18
3.430469286314912228e-06 2.833987455799093529e-18
4.750810162102793080e-06 7.294939209709506359e-18
6.579332246575681841e-06 1.878689010781448123e-17
9.111627561154887238e-06 4.888459941756600651e-17
1.261856883066020923e-05 1.255100324301177818e-16
1.747528400007682735e-05 3.229104060149251014e-16
2.420128264794383198e-05 8.303770039325862374e-16
3.351602650938840963e-05 2.670507528933119398e-15
4.641588833612772980e-05 6.849126161472154895e-15
6.428073117284319269e-05 1.755122924428588245e-14
8.902150854450374933e-05 4.472554673569741949e-14
1.232846739442066016e-04 1.134527896102288136e-13
1.707352647470688697e-04 2.854176523405785443e-13
2.364489412645407265e-04 7.087140137512382172e-13
3.274549162877724625e-04 1.398991146991567070e-12
4.534878508128581853e-04 3.279529969023085161e-12
6.280291441834246402e-04 7.228494518179765609e-12
8.697490026177834418e-04 1.255744118917380455e-11
1.204503540258781069e-03 2.004667640456346689e-11
1.668100537200059011e-03 3.060044631059936839e-11
2.310129700083157853e-03 3.931525584627682075e-11
3.199267137797384176e-03 4.840447677304739403e-11
4.430621457583877945e-03 6.138512291888253624e-11
6.135907273413163110e-03 7.034768545196044522e-11
8.497534359086436964e-03 8.008208448415927899e-11
1.176811952434996672e-02 8.831440452001036131e-11
1.629750834620643379e-02 9.574742763061440069e-11
2.257019719633917079e-02 1.019247214823677118e-10
3.125715849688235487e-02 1.076135679297638699e-10
4.328761281083052387e-02 1.124103706734893656e-10
5.994842503189409116e-02 1.165170920164162040e-10
8.302175681319734490e-02 1.202096195409350305e-10
1.149756995397735598e-01 1.231573354986319800e-10
1.592282793341093794e-01 1.257619900252969528e-10
2.205130739903040926e-01 1.279242612366050430e-10
3.053855508833412391e-01 1.297468391633997674e-10
4.229242874389498863e-01 1.312556663123890881e-10
5.857020818056672962e-01 1.324522960691155150e-10
8.111308307896856196e-01 1.332914471553128804e-10
1.123324032978026521e+00 1.338288706260017042e-10
1.555676143930472266e+00 1.339636579381957275e-10
2.154434690031877597e+00 1.338042883660139919e-10
2.983647240283334057e+00 1.333440795656735988e-10
4.132012400115334216e+00 1.326434618333508319e-10
5.722367659350220848e+00 1.317647416944693408e-10
7.924828983539153882e+00 1.307777089049522709e-10
1.097498765493054407e+01 1.296625754671214690e-10
1.519911082952933157e+01 1.284603645780807465e-10
2.104904144512021702e+01 1.272011474174869544e-10
2.915053062825169761e+01 1.258568771427193057e-10
4.037017258596549141e+01 1.244770291500471286e-10
5.590810182512222326e+01 1.230512897509661993e-10
7.742636826811276762e+01 1.216031826604994156e-10
1.072267222010320893e+02 1.202006753848498556e-10
1.484968262254463411e+02 1.188220817401408580e-10
2.056512308348651459e+02 1.174959971529499516e-10
2.848035868435792963e+02 1.162403680009320224e-10
3.944206059437648264e+02 1.150201933878087237e-10
5.462277217684336392e+02 1.139337769547616251e-10
7.564633275546290179e+02 1.128884084049974855e-10
1.047615752789661883e+03 1.119307921682826059e-10
1.450828778495937286e+03 1.110586728538312843e-10
2.009233002565046036e+03 1.102560895534477812e-10
2.782559402207125459e+03 1.095132498478423175e-10
3.853528593710519544e+03 1.087574975022534734e-10
5.336699231206301192e+03 1.082175330053002048e-10
7.390722033525775259e+03 1.076461194151885872e-10
1.023531021899026746e+04 1.070989975995277447e-10
1.417474162926801728e+04 1.066259868552249246e-10
1.963040650040268520e+04 1.062030935929288672e-10
2.718588242732940125e+04 1.058003732060367719e-10
3.764935806792455696e+04 1.054502401420203240e-10
5.214008287999673485e+04 1.051385808270211276e-10
7.220809018385456875e+04 1.048623433036854830e-10
1.000000000000000000e+05 1.046242070900971861e-10
