9.999999999999998555e-10 0.000000000000000000e+00
1.384886371393874526e-09 0.000000000000000000e+00
1.917910261672484719e-09 0.000000000000000000e+00
2.656087782946684223e-09 0.000000000000000000e+00
3.678379771828634406e-09 0.000000000000000000e+00
5.094138014816385650e-09 0.000000000000000000e+00
7.054802310718631180e-09 0.000000000000000000e+00
9.770099572992246402e-09 0.000000000000000000e+00
1.353047774579807500e-08 0.000000000000000000e+00
1.873817422860382754e-08 0.000000000000000000e+00
2.595024211399737183e-08 0.000000000000000000e+00
3.593813663804625281e-08 0.000000000000000000e+00
4.977023564332114007e-08 0.000000000000000000e+00
6.892612104349694851e-08 0.000000000000000000e+00
9.545484566618327058e-08 0.000000000000000000e+00
1.321941148466028818e-07 0.000000000000000000e+00
1.830738280295369655e-07 0.000000000000000000e+00
2.535364493970111340e-07 0.000000000000000000e+00
3.511191734215127655e-07 0.000000000000000000e+00
4.862601580065352880e-07 0.000000000000000000e+00
6.734150657750827885e-07 0.000000000000000000e+00
9.326033468832199295e-07 0.000000000000000000e+00
1.291549665014882683e-06 0.000000000000000000e+00
1.788649529057435085e-06 6.690764220739768558e-27
2.477076355991708990e-06 5.716183111317090515e-26
3.430469286314912228e-06 1.898712097898818603e-25
4.750810162102793080e-06 5.472597938402618587e-25
6.579332246575681841e-06 1.459071024468677390e-24
9.111627561154887238e-06 3.794538676922299380e-24
1.261856883066020923e-05 9.751663392749383901e-24
1.747528400007682735e-05 2.500433731010877601e-23
2.420128264794383198e-05 6.413305200226652248e-23
3.351602650938840963e-05 2.037362692414119668e-22
4.641588833612772980e-05 5.217770917261080020e-22
6.428073117284319269e-05 1.340012796660674030e-21
8.902150854450374933e-05 3.441187499063187659e-21
1.232846739442066016e-04 8.822915369337700175e-21
1.707352647470688697e-04 2.293882656872429091e-20
2.364489412645407265e-04 5.901334584789328646e-20
3.274549162877724625e-04 1.519899923082379938e-19
4.534878508128581853e-04 4.853569737474152486e-19
6.280291441834246402e-04 1.251626082069859148e-18
8.697490026177834418e-04 3.225213716958237251e-18
1.204503540258781069e-03 8.301406043862165227e-18
1.668100537200059011e-03 2.161237032647253221e-17
2.310129700083157853e-03 5.570260188510035100e-17
3.199267137797384176e-03 1.433693193641472952e-16
4.430621457583877945e-03 3.680629807476905160e-16
6.135907273413163110e-03 9.438618654835797982e-16
8.497534359086436964e-03 2.413375333135692353e-15
1.176811952434996672e-02 6.148529332720019089e-15
1.629750834620643379e-02 1.551865577376419218e-14
2.257019719633917079e-02 3.875816212670579090e-14
3.125715849688235487e-02 9.465418394830674971e-14
4.328761281083052387e-02 2.228869931740916582e-13
5.994842503189409116e-02 4.179764824810146815e-13
8.302175681319734490e-02 8.665296376966038650e-13
1.149756995397735598e-01 1.410393546675325082e-12
1.592282793341093794e-01 1.992289486734217245e-12
2.205130739903040926e-01 2.877907659555260512e-12
3.053855508833412391e-01 3.602570171442614220e-12
4.229242874389498863e-01 4.661464859279665707e-12
5.857020818056672962e-01 5.502728127862812372e-12
8.111308307896856196e-01 6.372931438639449381e-12
1.123324032978026521e+00 7.180691221804841684e-12
1.555676143930472266e+00 7.920982542593098747e-12
2.154434690031877597e+00 8.606901872920665730e-12
2.983647240283334057e+00 9.225537249660866364e-12
4.132012400115334216e+00 9.769068675118241729e-12
5.722367659350220848e+00 1.025435824322611349e-11
7.924828983539153882e+00 1.069701223858141784e-11
1.097498765493054407e+01 1.106568265710037547e-11
1.519911082952933157e+01 1.139301786753901206e-11
2.104904144512021702e+01 1.167366341160386261e-11
2.915053062825169761e+01 1.191443466189150488e-11
4.037017258596549141e+01 1.212095904275873848e-11
5.590810182512222326e+01 1.229485353224607458e-11
7.742636826811276762e+01 1.244037436622815666e-11
1.072267222010320893e+02 1.255095767798337464e-11
1.484968262254463411e+02 1.263425752908083468e-11
2.056512308348651459e+02 1.267456534426475809e-11
2.848035868435792963e+02 1.271372891822017443e-11
3.944206059437648264e+02 1.271160369634462485e-11
5.462277217684336392e+02 1.269167629063375333e-11
7.564633275546290179e+02 1.265289431450667018e-11
1.047615752789661883e+03 1.259923537387484625e-11
1.450828778495937286e+03 1.253006754998931404e-11
2.009233002565046036e+03 1.244811206121308462e-11
2.782559402207125459e+03 1.235434748989113108e-11
3.853528593710519544e+03 1.225001695526685586e-11
5.336699231206301192e+03 1.213829281107337595e-11
7.390722033525775259e+03 1.201871119401312045e-11
1.023531021899026746e+04 1.190252046867695943e-11
1.417474162926801728e+04 1.178397941132437572e-11
1.963040650040268520e+04 1.166830669950908780e-11
2.718588242732940125e+04 1.155584111659004099e-11
3.764935806792455696e+04 1.144958195121456537e-11
5.214008287999673485e+04 1.134889937235631327e-11
7.220809018385456875e+04 1.125492080388272796e-11
1.000000000000000000e+05 1.116751499395970139e-11
